SLIDE 1 - STOP AND GO

                    B = 200,000         B = 20,000     B = 2,000

Goodput             4499.47             4513.32        1752.83
(bytes/sec)         4512.87             4244.82        1752.83
                    4515.25             4312.22        1754.34
                    4514.75             4243.82        1754.59
                    4513.52             4241.21        1673.24
                    4511.272[5.98]      4311.0779[104.59]   1737.566[32.1714] 
                    0.02 loss           0.05 loss
YOUR PROTOCOL       72122               65401.14
                    72183               59455.03
                    71393               59454.51
                    69152               59461.88
                    70134               62274.63 

Overhead/Total      5.33                10.29
                    4.8                 10.47
                    5.43                10.12
                    5.45                11.35
                    5.12                13.11

Overhead/Total      9.4173668 %        0.76904730 %   0.09849019 %
                    7.6904730 %        5.23246000 %   5.341281   %
                    7.6904730 %        5.23265555 %   5.341281   %
                    7.6904304 %        5.23265555 %   5.321201   %
                    7.6904730 %        5.23265555 %   5.315456   %
                    8.03582256[0.69077] 4.339492[1.7852]  4.2834438[2.09274]


SLIDE 2  window_size=   10,                 20,             40,                     80,                     120

Goodput                 18498.29[323.34]    25351.27        29670.08[3021.21]       28997.73[1221.23]       27509.31[1212.56]

Overhead                50.1233[12.2]       44,1345[12.1]   17.23442[4.23]          34.1233[3.52]           76.92[11.256]

MY PROTOCOL             19863.89            32749.1                                 86995.17                 92740
                        18727.95            31953.42                                86877.82                 92792
                        19278.16            33142.12                                                         
                        19124.56            31782.32
                        20182.23            34323.12

                        8.88                10.12                                   86.743                   240
                        11.35               14.88                                                            210
                        9.95                12.34
                        8.27                11.32
                        9.76                10.08    

SLIDE 3             STOP AND GO             YOUR PROTOCOL

                    4511.272[5.98]          29670.08[3021.21]
                    8.03582256[0.69077]     17.23442[4.23]

